286;[0.999924624311322, 54.80677450530013];[53.13300103486555, -2.357115338257806, 70.0]
173;[1.0000005205869429, 25.441261723899444];[54.48833242950983, -2.5867435236894125, 67.056]
197;[1.0000011935937996, 4.807624358424271];[52.37814956710999, -0.6593941529251749, 200.0]
23;[0.9999164643372083, 60.1561627495576];[51.623640798188234, 5.031833038150807, 29.2608]
183;[0.9999992451730932, 32.00756999388716];[50.591908846240926, 6.74937877503657, 136.0]
248;[0.9999997081807788, 67.34323024689772];[51.635209508757974, 5.013878779409371, 46.0]
166;[1.0000004945774885, 32.81053263580106];[48.73084902966881, 17.697533699120264, 161.0]
236;[0.9999946209161666, -1.148393814460485];[49.77384429275457, 13.285993828860391, 145.0]
35;[0.9999950396463354, 6.704610594890034];[40.50587904019659, 10.84777190857071, 92.964]
162;[0.9998721373403718, 76.7047063718542];[51.775780598217516, 8.404952502942525, 56.0]
268;[0.9999657630032686, 31.470988010918877];[41.362656309607935, 13.055418052419808, 285.0]
156;[1.0000359780349888, 39.135659059704935];[51.59252166322414, 0.02047991287687242, 50.0]
287;[0.9999304034274007, -3.334484649238532];[38.66190020185661, -9.164203611437948, 154.0]
251;[1.000040311816096, 37.086657593765935];[43.01336810028829, -0.21602213969463935, 12.0]
215;[1.0000012893166228, 43.632499538291036];[53.57381150207407, 10.045871701762989, 8.0]
184;[1.000001189282758, 72.01844119170987];[51.59881052360072, -0.21756336308852017, 8.0]
169;[0.9999978500744645, 17.51801615222872];[51.342181030191995, -0.5560119114270775, 36.0]
288;[1.0000148202542885, 6.71724282010688];[52.03171776242266, 5.628948836272047, 30.0]
279;[0.9999505673808035, 47.33023153575857];[52.78512568664566, 1.585509673506532, 5.37]
157;[1.0000314206344554, 41.73845861702985];[51.595684861336316, 0.020067825964462042, 50.0]
207;[1.0000007162113493, 2.053660973113658];[51.34355306523237, -0.5549315914167776, 168.0]
176;[1.0000007434412237, 26.85585622832313];[51.465255119726066, 13.62182050229182, 20.0]
180;[1.0000329843845208, 28.13807607740503];[40.142625338922265, -4.0145897299255155, 626.0]
290;[1.000001578576891, 73.77917202813299];[52.88945384568175, 9.421659861271497, 25.0]
198;[0.9999994481986892, 33.2747269640034];[51.6193190404897, 5.028595877766256, 20.0]
211;[1.0000086863663764, 52.52289260663838];[43.39429031876617, 14.916769887658536, 15.0]
253;[0.9999363597122971, 74.76102281552434];[52.31345150193613, 5.815794250522241, 26.0]
114;[0.9999502159819931, 56.13181745170452];[51.55177453832421, 4.038744361061592, 13.1064]
304;[1.000054389526506, 70.66917208142334];[50.990172357813144, -0.7011515853344645, 19.0]
281;[1.0000148821855108, 75.59090278810147];[50.83854266436946, 4.019279777320024, 20.0]
84;[0.9999248238433731, 85.6786798662812];[48.25643108276469, 16.1530551039496, 225.55200000000002]
223;[0.9999984838764959, 81.08293621339404];[49.790212595224574, 7.158200904426645, 404.0]
26;[1.0000028986841103, -1.4473628376407912];[49.204212486392954, 15.274650248205251, 391.0584]
192;[0.9999686974799469, 1.1657552070017048];[48.48309444776059, 16.02412060504222, 250.0]
218;[0.9999998466241866, 81.04327333086108];[51.62244472026279, 5.011415244155876, 43.81]
240;[0.9999989348189606, 31.312311341335544];[50.526755996991184, 6.7203923091131825, 46.0]
256;[0.999988156663232, 47.579500411965896];[52.39832664511951, 8.506167628327855, 22.0]
309;[0.9999634749590958, 13.569852633817666];[47.46792012584234, 8.697918894180125, 488.0]
87;[0.9999998028410055, 25.078180468205087];[45.27984046962019, 0.06402780657473897, 8.5344]
154;[1.0000019030320595, 48.12522821240143];[51.62379814180466, 5.023217831686934, 32.0]
55;[1.0000126099253996, 70.44488755989505];[49.752551460356855, 13.294497150680991, 65.532]
306;[0.9999988450452559, 22.700435106318082];[50.899187578463284, 5.346593728411511, 50.0]
220;[1.000004779131721, 52.16791372029511];[46.194363598458445, 8.587024693018465, 200.0]
158;[1.0000319050228164, 54.95449076061317];[51.37233902813898, -1.4155288780223994, 50.0]
203;[1.000001947978085, 78.27498084097769];[51.654253283089126, 5.042548589807885, 36.0]
324;[1.0000164743585547, 27.04634550773168];[46.97453788509477, 7.019391535617732, 555.0]
244;[0.9999580200612228, 25.032681728810893];[51.64466588918986, -0.20847509007388426, 54.0]
260;[1.0000006392492378, 62.29090996453513];[49.53989477142878, 8.881567834175371, 470.0]
357;[0.9999571468956837, 51.918241658499774];[51.61622725729027, -0.22563549086285087, 1200.0]
155;[1.0000012242929148, 38.433315606016286];[52.41249804009292, 8.508303768686694, 72.0]
307;[0.9999991949439753, 23.461691978278026];[50.38838219988565, 5.706286026363822, 50.0]
193;[1.0000010813427929, 70.88021965260936];[51.42532439342427, 9.37036627135926, 89.0]
228;[1.0000008188242455, 56.785597620154256];[53.47451460955451, -1.7130481369846984, 147.0]
310;[0.9999972830131992, 15.035461044204865];[47.62304965572388, 7.5500650294533544, 575.0]
314;[0.9999809268082672, 42.024391541845254];[49.74519683473573, 16.15093242109481, 270.0]
33;[1.0000541608497457, 11.753126643731425];[42.01139070382822, 12.983822269096535, 1043.0256]
170;[1.0000004552781814, -1.0862142394351966];[51.624559282397776, 5.030785923720103, 32.0]
360;[1.000050955628002, 73.81685790967393];[51.77916392654901, 8.417695631836509, 40.0]
293;[0.9999459220624521, 3.106265989189358];[48.91852837829471, 1.4491006084511415, 66.0]
377;[0.9999643769051971, 81.28680514902803];[51.63833288486874, -0.2231353934726524, 75.9]
214;[0.9999168259446379, 40.476287973795635];[47.6667202298114, 15.638286455145627, 4068.0]
231;[1.000001386459282, 68.51579912095643];[51.59962521732886, -0.21601465741831433, 64.0]
92;[0.9999991064680709, 40.419906518551954];[52.03510325928109, 5.630822337829932, 12.4968]
163;[1.0000196731810154, 53.256834472764986];[39.140341850564845, -8.919804718016682, 159.0]
369;[1.0000022743217494, 27.51683682209444];[46.42951742770763, 6.975067634482179, 574.0]
379;[0.9999679991136982, 9.175478267724213];[53.73302228524346, 9.056892700156885, 10.0]
363;[1.000001230453471, 71.22054461810707];[49.800749474158735, 7.184831090659805, 230.0]
315;[0.9999468595186529, 30.712800032288563];[51.0866325669457, 1.9324015060816329, 73.0]
295;[0.9999306732558593, 54.858970130074624];[51.08684764284689, 1.9423794915755899, 59.0]
372;[0.9999231421840776, 47.02298574368391];[47.512464357985685, 8.602145210456664, 420.0]
326;[1.000002222423472, 27.16730868972929];[46.22805405663625, 7.54718292428191, 500.0]
364;[0.9999989277453648, 78.62712529115309];[48.625342081582055, 2.197481567367825, 226.0]
366;[0.9999997402972554, 11.134839400505497];[50.20061704975886, 6.0633473770296025, 35.0]
405;[0.9999282079269594, 61.98659390995047];[48.62107776041056, 15.314932739418683, 546.5]
318;[1.0000019002519902, 53.767205149945575];[45.818928463302775, 11.471383153467988, 767.0]
425;[1.0000000090135452, 61.12532987450113];[48.88778676522864, 2.665564021062828, 26.0]
358;[0.9999997221767483, 2.537169270832345];[52.411416464289715, 8.50893990368329, 78.0]
165;[0.9999439008691823, 79.60943049500658];[53.577267572340475, 10.04061171936505, 30.0]
345;[1.000000821251938, 34.502634853795044];[45.10666771776618, 17.324042582840015, 170.0]
444;[1.0000019398137345, 30.97475704098393];[49.15624554762445, 10.990042886665535, 331.0]
194;[0.9999505776818398, -2.7847062839442636];[43.402945519466414, 0.9494750120547674, 170.0]
367;[1.0000017746882899, 10.062514373722934];[53.58221426243961, 10.041314941516081, 90.0]
359;[0.9999990883770766, 16.26768290260461];[47.83535313306699, 8.750254588515682, 460.0]
282;[1.0000422502283464, 14.947720276911566];[39.47277922076019, -3.6190196798651035, 600.0]
386;[1.000000989615128, -0.18537405197110954];[45.835627366078256, 9.14067301676502, 535.0]
265;[1.0000017128610867, 12.130271970820417];[52.997949299896696, -8.28962079320195, 38.0]
380;[1.0000346619001848, 8.739349300129247];[48.52456792179773, 7.113265996065417, 165.0]
463;[0.9999382370246498, 43.18795170976876];[50.837564969697745, -1.4677545583024467, 150.0]
321;[1.0000024894066455, 23.781248342344792];[54.28577065949837, 11.105044557114576, 15.0]
471;[1.0000008180084876, 22.716149284739092];[49.53249033494875, 8.897392121895873, 330.0]
83;[1.0000497364584788, 72.09137341279025];[51.588335460612285, 8.748246417331075, 237.1344]
196;[0.9999466982953005, 40.998656182462675];[49.429959166782346, 6.992217070341783, 239.0]
439;[0.9999413338598201, 68.96031622104202];[46.80634932465924, 7.667792203637865, 580.0]
481;[1.0000005641626575, 78.6256885517454];[47.93268560876162, 11.3576530942544, 538.0]
484;[1.0930912985542829, 85.4905620081671];[48.66388687446014, 9.480019811498332, 430.0]
388;[1.0000029179485708, 52.42564054831425];[49.52256803423863, 8.902416425599721, 331.0]
499;[0.9999999655991771, 5.044441447789627];[47.0518435785542, 5.902830413619504, 650.0]
466;[1.0000011279386205, 36.18199594771328];[52.38735725551065, -0.660389320129093, 106.0]
478;[1.0000116630959361, 50.126495235109715];[45.82638548721486, 9.142444278114892, 275.0]
489;[1.0000191868584063, 27.23036341858971];[48.560462750626016, 9.102216752493655, 537.0]
350;[1.0000536200884993, 82.93979947532539];[45.13542798278563, 9.675301453308744, 112.0]
269;[1.0000172416457795, -1.3427995984760366];[52.30437075726711, -3.6416055972348227, 108.0]
411;[0.9999273537799939, 26.473978569104474];[51.08043562716657, 8.953430395869344, 153.0]
375;[1.0000014631383212, 61.44462415822548];[46.45151118643245, 6.979145661033753, 220.0]
469;[1.0000006067064426, 31.098959252915563];[50.711397717184354, 11.65309844553981, 57.0]
445;[0.9999984512170167, 43.83067495484196];[51.42948056075374, 9.35901858500981, 150.0]
277;[0.9999970009779467, 38.62181104254263];[46.28103806246686, 6.630668061276315, 900.0]
441;[0.9999980167330159, 30.71756557585577];[52.38617669961171, 4.346473318895644, 1.0]
513;[1.0000021662124856, 60.28852077365985];[37.18166478377345, -5.644075376951623, 258.0]
455;[1.0000014236517012, 83.44594892143175];[51.98451189493717, 0.040007391789463664, 40.0]
421;[1.0000008661630686, 14.544634938013816];[47.3362347201739, 8.178718698572236, 490.0]
492;[0.9999999179166857, 75.24445107695381];[50.60397274254314, 6.737099944460229, 107.0]
502;[0.9999943542866065, 7.951276594765555];[51.30631465907873, 14.190055761181585, 135.0]
543;[0.9999999509613562, 47.42358969984484];[51.45597461981134, 11.762211550451704, 105.0]
551;[1.0000525405408343, 32.80593979467871];[53.464879012740724, -6.202988618372218, 40.0]
518;[1.0000007761949221, 57.08771832847447];[45.836755337321485, 9.151923878268063, 546.0]
506;[1.0033600880636984, 2.970176220326327];[52.382548885843256, 4.348044328718044, 3.0]
452;[0.9999922737556111, 36.40379112245588];[48.40340378392793, 2.3763693849802063, 40.0]
552;[1.0000003506287232, 28.16889928862179];[42.27949845967705, 1.7981998488451252, 240.0]
495;[1.0000064200022287, 49.32168213162203];[49.103699465582395, 17.17082430757636, 200.0]
352;[1.0000007561336968, 21.223661920746476];[50.55966963069967, 9.978902657965653, 55.0]
399;[1.0000021431392112, 82.06287840306429];[51.32657579640407, -0.5595682063303733, 51.0]
488;[1.0000020470250555, 75.0025696931299];[47.134158778383046, 13.918116457401721, 37.0]
588;[1.000001603101058, 17.344718579992005];[42.67273937140836, -0.4001533233898804, 275.0]
507;[1.0000014077863437, 35.758382370012505];[52.02620131102646, 5.62857146794094, 5.0]
422;[1.0000007214519793, 30.013044518156597];[47.51071552670484, 8.606712478014686, 490.0]
520;[1.0000001687693871, 37.98976077946433];[49.08247055727011, 17.17268786330012, 376.0]
442;[1.0000012764431363, 43.30494335239221];[48.88580767627807, 2.6589293254066497, 88.9]
490;[0.9999315675231136, 75.44810378590196];[51.2871429535617, 7.212109956868781, 367.0]
429;[1.0000012905988325, 8.039342138948742];[52.00560695333834, -2.703754269990346, 76.0]
577;[0.999994288814718, 30.314673897181486];[48.29286375891153, 18.75897159629737, 472.0]
328;[0.9999869019978102, 60.59105751776958];[41.68484281051576, 12.201048641552488, 88.0]
529;[0.9999991233651102, 66.09248397666275];[52.01700703362497, 5.62468091250439, 5.0]
590;[1.0000071812705331, 46.66321615472015];[47.6644231297666, 10.325831258192125, 493.3066]
521;[1.0000018124607497, 59.79924129219018];[51.339795407416574, -0.549364994398521, 91.0]
511;[1.000001317114136, 62.087338116634584];[50.47851807929433, 0.4279851871591758, 29.0]
597;[0.9999588627968856, 76.56179259683555];[50.58188572433342, 6.743877582543191, 200.0]
423;[1.000006582321957, 71.78754468777419];[44.911011314175624, 14.008078602386268, 42.0]
368;[0.9999533275789242, 47.679255139329655];[45.9953162658072, 8.817995431830708, 240.0]
457;[1.0000011821945, 10.014876413917944];[52.30326187335143, -3.6433566057756965, 85.0]
522;[0.9999884884993188, 8.700849389465844];[52.411199243671945, 8.508720262186309, 10.0584]
570;[1.000000333962816, 34.74144817561777];[49.1497596490486, 14.52331615397127, 202.0]
512;[1.0000006245067692, 3.0742194937361327];[52.03122570498836, 5.628370910075948, 4.0]
535;[0.9999993836600287, 13.63514865095647];[43.337157209495366, 4.646658087122763, 1036.0]
558;[1.000001066185831, 76.15332907542991];[50.52578227533883, 6.7066703802599905, 427.0]
461;[1.0520247789113013, 1.9413443140712074];[47.914973297033285, 12.082155783457065, 512.0]
413;[0.9999127180347246, 59.164291035188725];[44.20209952218977, 4.442891567724228, 141.0]
584;[1.0000013202567404, 7.5775444381676325];[49.80982134546952, 7.178345907076185, 125.0]
560;[0.9999989770069914, 22.237866739316587];[51.077325327956395, 8.953334054311748, 231.0]
565;[0.9999962222327948, 54.69594168908607];[45.773697442648654, -0.3448054646446175, 110.0]
603;[1.000049523513712, 27.536136175034336];[50.021677427281105, 9.00811579336409, 121.0]
479;[1.0000005421263733, 71.3545768828515];[51.60896293459193, 5.038389518498308, 12.0]
491;[1.000001186771354, 38.195560380356866];[51.96772043696364, 0.04838413986824957, 6.0]
611;[0.9999489404897975, 23.666397000627864];[47.9318618932013, 11.358807186354575, 503.0]
578;[0.9999599629263087, 47.15858256603331];[51.08234017684466, 8.96004077118673, 270.0]
604;[1.0000018118131222, 32.55729238245427];[54.274565092752866, 11.102819719429904, 39.0]
641;[0.9888201370072256, 55.86019009391658];[53.16739898982888, 7.95782055751159, 5.0]
623;[1.0000014032264921, -0.7239001982509436];[54.64729201434762, 9.549148001656837, 44.0]
527;[0.9999999853592434, 33.781012955598385];[49.51876213419075, 8.891474554209383, 163.0]
658;[0.9999682246699738, 73.45361812983852];[53.452269824021776, -2.52690878958005, 63.0]
599;[1.0000006800508474, 55.14736878421584];[52.96230855576181, 9.517313857874631, 23.0]
624;[1.0000011039520094, 44.22233644936404];[50.99197430615907, 13.12881409864227, 34.0]
574;[0.9999999283281842, 73.57240925724783];[48.26736788891488, 1.694567446943429, 50.0]
591;[1.000015198837527, 28.285777037159992];[43.08324766090959, 1.0781795950325257, 112.0]
594;[1.0000006599746998, -1.3195437370733503];[45.0712109716555, 8.22221855566646, 717.0]
664;[1.0000004536956135, 77.90018868678996];[50.1670419570201, 6.058697357755395, 170.0]
614;[0.9999350921867988, 22.4568554862426];[49.093120657321265, 11.901844123099707, 341.0]
665;[1.0000021974193616, 21.8343852711008];[45.06628392739239, 8.22544676898234, 170.0]
625;[1.0000008013004738, -2.9340525106499964];[51.55240430487719, 8.74301511490597, 72.0]
595;[1.0000014936310415, 13.102025307276005];[52.30333933779024, -3.64334308554431, 20.0]
618;[1.0000002012372193, 7.576783360926862];[51.329302127678154, 1.437841219310222, 38.0]
659;[0.9999438479166533, 4.439408686345243];[50.841359670525605, 4.0402416928983165, 8.0]
498;[0.9999766738190509, 60.05571028753963];[51.60189926506959, 5.0279445876182685, 8.0]
542;[1.0000004689537676, 14.021101903339801];[52.410096243198275, 8.509972235502106, 10.0]
600;[0.9999390985644473, 81.8485423797444];[48.86932764198418, 2.6615785422220584, 95.0]
576;[0.9999997980260167, 9.055986989583023];[50.841113004206726, 4.039807574062798, 100.0]
690;[1.000001605842942, 44.920860428327344];[40.40255070635945, -4.067692768409522, 625.0]
619;[0.9999217246862196, 78.7647287033601];[43.48751679064847, 9.807497047167066, 50.0]
586;[0.9999832062165496, 75.69770433513973];[47.66735474958049, 10.309833853623063, 469.0]
678;[1.0000000532578135, 31.189481009493434];[49.53244440039563, 8.893248052454378, 628.0]
645;[0.9999230857782935, 75.14058962528846];[49.83518229651826, 7.1726064453564655, 108.0]
646;[0.9999470991187713, 59.96862486351578];[37.477898742342845, -2.6373630269061277, 70.0]
607;[1.0000020145477162, 25.16336818546134];[48.346274884545416, 12.7865750597145, 544.0]
608;[0.9999788634658947, 53.679345594478754];[57.04559723390253, 9.463472948614228, 17.0]
682;[0.9999133390108892, 63.663388343824536];[43.734453966548365, 1.5966720468663322, 135.0]
605;[0.9970769945229851, -3.725826667384389];[52.41007093440574, 8.509286496943998, 255.0]
626;[0.9999481483619799, 29.369044865282294];[50.58310744716381, 6.75657413263407, 67.0]
694;[1.0000013532294945, 62.177418066947766];[50.72668307959886, 11.649451937271747, 118.0]
662;[0.9999625807206723, 13.13178419743756];[43.60414603078083, 1.3052658965229396, 54.0]
587;[0.9999986880456317, 9.412549215555469];[48.91427043679403, 2.422909950666974, 96.0]
705;[0.9560890168718257, 21.9558848159346];[55.209231619107506, 11.662236993963099, 95.0]
620;[0.9999749060063172, 43.935481509758866];[45.76424796656206, 10.946849335390366, 1200.0]
610;[0.9999325080199388, 29.110742553536685];[51.33803845363447, -0.5529073257628905, 10.0]
674;[0.9999702485759102, 62.700313938070494];[51.620937617145486, 5.036177437547523, 10.0]
683;[1.0000010778429256, 45.805914524681214];[52.99670952277367, -8.289631862911268, 5.0]
685;[0.975520566204226, 12.239747855915857];[50.969880856867924, 19.31920514991518, 110.0]
596;[1.000000381373146, 16.756068202339186];[51.624179068887464, 5.032563573285123, 10.0]
675;[0.9958482372563846, 48.98095109385341];[52.44029700490147, 13.064687805829093, 52.0]
616;[1.0000000073860191, 32.27663164934326];[51.99681586978758, -7.646778059429164, 67.0]
634;[1.0000008774161238, 37.678977043709956];[50.57664060865329, 6.7483666754821705, 74.0]
657;[1.0031261275980181, 64.6358532197468];[52.28492222569915, -3.6511127576890217, 45.8]
701;[0.9999443006304198, 45.09905084835605];[47.66654151186033, 10.327703644648924, 560.0]
642;[0.9999996806477794, 30.144088983002675];[46.27149455426104, 6.632742017557289, 530.0]
667;[0.9999998965576088, 40.58254696197367];[54.559815492249136, 9.581598006483928, 10.0]
687;[1.0000000469438641, 58.02083558436114];[51.30504073626248, 7.202543938475278, 65.0]
627;[1.000000685090263, 54.805616077876785];[46.8436049498406, 14.92090325218648, 930.0]
711;[1.0000011042834427, -2.2356638341866906];[48.529602704497165, 7.111417825832684, 31.2]
712;[1.0005714456740429, -0.011542830121072292];[44.2066040039063, 17.334790910993302, 110.0]
702;[1.0496460211509975, 22.079745935477863];[49.95422413632043, 8.244205828516986, 92.0]
679;[0.999998714609379, 10.99517566350559];[46.277823955698274, 6.637036434402212, 470.0]
681;[0.9999611224834127, 11.844357045130652];[51.522997090981, 13.56639716418263, 52.0]
669;[1.0000171830566802, 3.608073240791062];[45.19029647120773, 4.305028618140423, 385.0]
706;[1.0000006839257713, 51.30750091183504];[46.26899869504458, 6.636777601126738, 605.0]
583;[0.9999663165123163, 66.34743477204916];[51.62788283285473, 5.040656092540561, 30.0]
688;[1.0000004251193206, 10.075621303996902];[41.319505981976015, 1.6046748733281873, 188.0]
628;[1.0000010729545759, 25.870667899222468];[42.2849952337624, 1.79943343555241, 120.0]
671;[1.000393476100983, -2.4201011387599896];[49.77328461757992, 13.286280852027945, 352.0]
704;[0.9998609296759473, 54.8929593869555];[51.984715503820084, 3.2780688972421674, 6.0]
689;[1.000000718473444, 53.84530828915692];[52.01912962056445, -2.7111706127940374, 25.0]
709;[0.9999356868016027, 52.27063369492651];[52.154937217900994, 3.8069591906116, 29.0]
673;[1.0000007763318384, 58.50388169747256];[54.70248274231489, 9.617171125546182, 10.0]
695;[1.0000369277753751, -1.7332961336350379];[53.081057799704936, 0.49870542624677905, 15.0]
644;[1.0000015771127257, 63.33434294646615];[52.807752444904324, 1.5749031914567588, 30.572]
434;[1.0000009143747175, 2.2613262024886067];[42.286571127206855, 1.798117115449077, 0.0]
635;[0.9999494694154625, 71.6786340436014];[48.744084950301826, 17.91434379604354, 417.0]
677;[1.000001630512721, 16.164086613351866];[52.380072529833384, -0.658800326408637, 127.5]
696;[0.9999993448030441, 0.7324143446540784];[49.09763816788104, 11.898212261036752, 364.0]
698;[1.0000003182873631, 38.69366311101505];[54.53221702705256, -3.155604847628528, 67.0]
640;[0.99999992722689, 2.9130251711038033];[45.99047583837428, 8.819527703154966, 295.0]
700;[0.9999998362128475, 44.52337169141749];[50.48871608238341, 0.4357154517026843, 164.0]
222;[1, 0.0010809004433779356]
185;[1, -0.7086977447586436]
259;[1, -0.00017324729888251164]
205;[1, 0.00045993897757724145]
