286;[0.9999246244732836, 55.769007195421615];[53.13254847129127, -2.356972760933106, 70.0]
173;[1.0000005206075084, 26.403421221755004];[54.48827559984586, -2.5868458280835376, 67.056]
197;[0.999996796880201, 5.751788018814532];[52.378007242872016, -0.659297418017373, 200.0]
23;[0.9999145845495729, 61.113085686764805];[51.62463870158747, 5.032263916503031, 29.2608]
183;[0.9999992422655657, 32.969676615298404];[50.59196570787551, 6.7491172956644006, 136.0]
236;[0.9999946209180054, -0.18622798441592955];[49.77356753922072, 13.2859642939801, 145.0]
268;[0.9999657630276292, 32.43318259604229];[41.36265623153653, 13.055105792325223, 285.0]
162;[0.9998721387347754, 77.66698775811938];[51.77478923647186, 8.404633165586043, 56.0]
287;[0.9999304034274007, -3.334484649238532];[38.66190020185661, -9.164203611437948, 154.0]
248;[0.9999997113132784, 68.3053804698329];[51.63534716589321, 5.013603499840877, 46.0]
215;[1.0000012893496675, 44.594658356808914];[53.57324300651441, 10.045803504948166, 8.0]
35;[0.9999950431411108, 7.666785282775077];[40.50570247208816, 10.847763749263613, 92.964]
184;[0.999974966179719, 72.87333122910263];[51.59842940897534, -0.21876535240104394, 8.0]
166;[1.0000004974712136, 33.77269234452471];[48.73089448171209, 17.697613254250157, 161.0]
288;[1.0000111759065125, 7.669062022370475];[52.03179180129278, 5.629057070765706, 30.0]
251;[1.0000402950936038, 38.0487631499768];[43.01333409195344, -0.21578298956784844, 12.0]
279;[0.999949140549072, 48.28638154939336];[52.784966840731045, 1.5858046715861331, 5.37]
207;[0.9998848426574714, 2.56468194747767];[51.343457367217916, -0.5549488912284968, 168.0]
156;[0.9998309039658252, 39.30394256109582];[51.59255894219246, 0.020525047518832006, 50.0]
169;[0.9998436705322532, 17.90175530051966];[51.34212579728574, -0.5560715875365022, 36.0]
256;[0.9999881559023182, 48.54167176804361];[52.39823592096763, 8.506190394772029, 22.0]
290;[1.0000015790723464, 74.74133227980255];[52.88878545459648, 9.42176241891664, 25.0]
176;[1.000000743458916, 27.818015960469605];[51.46545408495574, 13.621792070708137, 20.0]
180;[1.0000329843845208, 28.13807607740503];[40.142625338922265, -4.0145897299255155, 626.0]
211;[1.0000086874459204, 53.48504789879543];[43.39473060221255, 14.916736265588217, 15.0]
157;[0.9998299628661173, 41.87242829466453];[51.59535120828951, 0.020054653026976475, 50.0]
198;[0.9999990629386092, 34.2355311472883];[51.619114525069904, 5.028630028381966, 20.0]
114;[0.999947695735738, 57.083875770842745];[51.552394531895544, 4.0381002459128315, 13.1064]
170;[1.0000511182908887, -6.395097406071756e-05];[51.62434388476832, 5.030699039070784, 32.0]
281;[1.0000149331460277, 76.55287771709718];[50.83901228052763, 4.021392348397925, 20.0]
84;[0.9999248232016174, 86.64091360458207];[48.25715405151368, 16.15176260724252, 225.55200000000002]
304;[0.9998889890445232, 71.0137955017634];[50.98955665162984, -0.7001008001333632, 19.0]
223;[0.9999984806212134, 82.0450561782583];[49.788619476273, 7.1584551337076805, 404.0]
192;[0.999968692728388, 2.1279470199929214];[48.483221110379176, 16.024061033635608, 250.0]
154;[1.0000019028936369, 49.08737283325097];[51.62382088363884, 5.023195144547628, 32.0]
218;[0.9999998461450882, 82.00542023271188];[51.62441896598398, 5.01117627846165, 43.81]
240;[0.9999988537135747, 32.274212605075505];[50.52666507227111, 6.72035252260666, 46.0]
87;[0.999999800669959, 26.040336077286824];[45.27960740172898, 0.0641869729827155, 8.5344]
253;[0.9999363601970036, 75.72324540795732];[52.31412694639564, 5.81623896079728, 26.0]
260;[1.0000006389640435, 63.25306824235611];[49.539854059400874, 8.880170690152983, 470.0]
309;[0.9999634710305054, 14.532026600599995];[47.46806079161669, 8.698117802108637, 488.0]
306;[0.9999988447243549, 23.662575426742794];[50.899369452629976, 5.346570998507993, 50.0]
220;[1.0000047798353362, 53.13003473910117];[46.19424749671584, 8.586923517904028, 200.0]
324;[1.0000164682853758, 28.00842841311912];[46.974435546877444, 7.019181190201955, 555.0]
155;[1.000001224950258, 39.39547376168551];[52.41228203214639, 8.508201442930433, 72.0]
158;[0.9998331550463062, 55.14760174215767];[51.372058585058504, -1.414698324835704, 50.0]
55;[1.0000126108759053, 71.40703711599608];[49.74935789468891, 13.294358561579575, 65.532]
193;[1.0000010816249196, 71.84237661310212];[51.42570236842044, 9.371411914362268, 89.0]
357;[0.9998946089228596, 52.63145416165739];[51.61620299895906, -0.22581704271948422, 1200.0]
203;[1.0000018326348776, 79.23589192013962];[51.655516582018244, 5.044513384092795, 36.0]
244;[0.9997599725282598, 25.222039340926983];[51.644596559891724, -0.2084660157930584, 54.0]
228;[0.9999969980288516, 57.728633607256704];[53.47531940063954, -1.7132510640026173, 147.0]
26;[1.000002899023242, -0.48520454269044727];[49.20422973010172, 15.274609151143089, 391.0584]
360;[1.0000509542123843, 74.77896189929143];[51.7801446611742, 8.418353999314112, 40.0]
307;[0.9999991970383661, 24.423842593861444];[50.38816620143732, 5.706291707390415, 50.0]
310;[0.9999972810491842, 15.997590878722002];[47.62316051266486, 7.549927202066044, 575.0]
314;[0.9999809268917418, 42.98657165350521];[49.74493536566643, 16.150932388817793, 270.0]
363;[1.0000012295360887, 72.18265146923821];[49.8006010019153, 7.184068771010479, 230.0]
369;[1.0000022742630064, 28.478959631863535];[46.42939805498573, 6.975067648069514, 574.0]
214;[0.9999168246630588, 41.43852624392502];[47.66700451574603, 15.638467581385129, 4068.0]
265;[1.000001710590571, 13.092424735921623];[52.9981397241052, -8.289747266798885, 38.0]
364;[0.9999989289581919, 79.5892527189927];[48.62380000609721, 2.1973379055997175, 226.0]
231;[0.9999772614910111, 69.38519798796302];[51.598666337856116, -0.21619397420588082, 64.0]
377;[0.9998220304592468, 81.73635351109768];[51.64029424036672, -0.22283081354729575, 75.9]
163;[1.0000196731810154, 53.256834472764986];[39.140341850564845, -8.919804718016682, 159.0]
372;[0.9999231375332334, 47.98518841731317];[47.51232875180071, 8.602031760703749, 420.0]
315;[0.9999445020878369, 31.666470218399997];[51.086836486628414, 1.9321693937826128, 73.0]
379;[0.9999679980177008, 10.137664800869683];[53.73302872896243, 9.056928948898781, 10.0]
194;[0.9999505772604383, -1.8224995657251837];[43.402758945367495, 0.9493456467926191, 170.0]
92;[0.9999986440256342, 41.380460782450164];[52.0357511475437, 5.6312997321323754, 12.4968]
83;[1.000049730682939, 73.05343288778663];[51.58739262906218, 8.747106849025947, 237.1344]
366;[0.9999997399782232, 12.096987279924225];[50.20030938766165, 6.063333874914706, 35.0]
318;[1.0000019002747844, 54.729364574227];[45.81886331371823, 11.47157883502644, 767.0]
345;[1.0000008204098427, 35.464792906746865];[45.1065427284795, 17.32470194280371, 170.0]
33;[1.0000541627964068, 12.715241869106272];[42.011146146134806, 12.983867637856031, 1043.0256]
380;[1.000034656905981, 9.701402973699551];[48.52445695286754, 7.113128684350315, 165.0]
358;[0.999999737152949, 3.4993544163887913];[52.41169011885105, 8.509004296279695, 78.0]
405;[0.9999282081858626, 62.94882507352443];[48.620695828463205, 15.3145208144641, 546.5]
165;[0.9999439015563597, 80.5716465902505];[53.57770414739289, 10.041569935174564, 30.0]
269;[0.9999814921885455, -0.5110886634404257];[52.304423752798215, -3.64172857642825, 108.0]
463;[0.9996886301359548, 43.21852420351317];[50.8372228060086, -1.4681719836598317, 150.0]
425;[0.9999891881210883, 62.05286800994629];[48.887792623621316, 2.665631090787351, 26.0]
471;[1.0000008165387535, 23.67826601685737];[49.53282567839162, 8.897579697858026, 330.0]
282;[1.0000422502283464, 14.947720276911566];[39.47277922076019, -3.6190196798651035, 600.0]
277;[0.999997001694372, 39.58395898233158];[46.28102671084724, 6.630599836781427, 900.0]
481;[1.0000005642656455, 79.58784648591612];[47.934275061013544, 11.357944293643385, 538.0]
484;[1.0930915283776912, 86.37123898330495];[48.664051791854845, 9.479228506684333, 430.0]
444;[1.0000019406581042, 31.936913310836648];[49.15610341010288, 10.990094063837837, 331.0]
478;[1.000011662802534, 51.08861567599377];[45.826259507288874, 9.142713677822597, 275.0]
293;[0.9999459386389502, 4.068478691684622];[48.91861787366537, 1.4489657001301646, 66.0]
489;[1.0000191849121394, 28.192493143838025];[48.560428664836, 9.102125793469344, 537.0]
367;[1.0000017758822788, 11.024676755244196];[53.581996832944824, 10.041363964203972, 90.0]
439;[0.9999413330907958, 69.92249619441641];[46.80665195094278, 7.667671127179716, 580.0]
359;[0.9999990855304243, 17.22981706324369];[47.835617487514185, 8.750337016007835, 460.0]
196;[0.9999466981724552, 41.960807438698815];[49.42970979276424, 6.991796901787783, 239.0]
350;[1.0000536200789094, 83.90190797136408];[45.13385871714141, 9.672064364771943, 112.0]
499;[0.9999999642263515, 6.006540151606608];[47.05177644036339, 5.9026769314553125, 650.0]
295;[0.9998484932973715, 55.50821448527806];[51.08693778606187, 1.94241612866611, 59.0]
411;[0.9999273499899604, 27.436175249081078];[51.08083312433433, 8.953351122879955, 153.0]
466;[0.9998939373289522, 36.74091593103349];[52.38724686727274, -0.6604658836526985, 106.0]
492;[0.999999918121726, 76.20657784858604];[50.60435799488932, 6.737768451405487, 107.0]
421;[1.0000008668904954, 15.506766811696298];[47.33628731039544, 8.178694540810318, 490.0]
441;[0.9999976434921947, 31.67824063760278];[52.38628465527006, 4.3464335504083, 1.0]
386;[1.0000009907906946, 0.7767735393909233];[45.83572809586801, 9.140772626296034, 535.0]
375;[1.0000014600648843, 62.406767786417696];[46.45301620891437, 6.979397366625143, 220.0]
429;[0.9999595616999294, 8.847132919788665];[52.00551741551977, -2.703860591359522, 76.0]
469;[1.0000006066958391, 32.06111903286561];[50.71127267990371, 11.653024556934298, 57.0]
502;[0.999994354309016, 8.913442564903278];[51.30651541213675, 14.19009554384603, 135.0]
445;[0.9999984515408976, 44.792837178587696];[51.428775657946545, 9.359234586481824, 150.0]
321;[1.0000024893399495, 24.743399799965395];[54.286077639092, 11.105277630858536, 15.0]
488;[1.0000020469555935, 75.96472789433547];[47.137007033243556, 13.919319138174943, 37.0]
495;[1.0000064200692143, 50.28383746109529];[49.104342181937554, 17.171159080958347, 200.0]
326;[1.0000022254515286, 28.129463080421147];[46.228088167125264, 7.547438682177059, 500.0]
506;[1.0033603844416792, 3.92908658003477];[52.382613234771036, 4.3479220465697175, 3.0]
352;[1.0000007563241702, 22.185820664903893];[50.55962984716522, 9.978763395903405, 55.0]
543;[0.9999999507831564, 48.385750519609246];[51.455997392480306, 11.762461632975253, 105.0]
513;[1.0000021662124856, 60.28852077365985];[37.18166478377345, -5.644075376951623, 258.0]
490;[0.9999315558098412, 76.41028645892446];[51.28621953956374, 7.2109926991571935, 367.0]
551;[1.0000525406180467, 33.76804970877778];[53.465231564398245, -6.203034168565537, 40.0]
388;[1.0000029138693922, 53.3877377398233];[49.522698546280765, 8.902951578745055, 331.0]
422;[1.000000719396958, 30.97517265161632];[47.51084626854717, 8.60689437939033, 490.0]
518;[1.0000007792289631, 58.04986085145974];[45.83715007070034, 9.15276444631247, 546.0]
577;[0.9999942873448453, 31.27683729718821];[48.29310820249509, 18.759062514992014, 472.0]
552;[1.0000003504602097, 29.1310584965834];[42.279231241130034, 1.7981373200898265, 240.0]
442;[1.0000009288941023, 44.26600932290826];[48.88555750864654, 2.659133937120466, 88.9]
452;[0.9999922742160494, 37.3659221075781];[48.40359691526554, 2.3764830453391386, 40.0]
588;[1.0000016034864214, 18.306878127174997];[42.67259441724403, -0.4003238577331126, 275.0]
507;[1.000001189088507, 36.71970130913884];[52.025678366712945, 5.628503247825844, 5.0]
479;[0.9999993423892538, 72.3111738048392];[51.60926257247266, 5.038967297256312, 12.0]
520;[1.0000001684551154, 38.95191785719013];[49.08270937692914, 17.17307433908461, 376.0]
590;[1.0000071811640292, 47.62536773332119];[47.664468684098374, 10.326240681371585, 493.3066]
423;[1.0000065825641158, 72.7497004217417];[44.90991897119703, 14.008809070037112, 42.0]
578;[0.9999599592579184, 48.12072664149265];[51.082976113801415, 8.960494976197602, 270.0]
399;[0.9998789875911632, 82.56566194800946];[51.3276861725438, -0.5589746140280638, 51.0]
455;[0.999962443013919, 84.24874241639313];[51.986817611891354, 0.03923941684249914, 40.0]
511;[0.9999023857686686, 62.70218610901877];[50.47613533724136, 0.4278981278080495, 29.0]
413;[0.9999127181007079, 60.126535858825605];[44.20314657094768, 4.443730406915455, 141.0]
491;[0.9999826280537799, 39.0776410606835];[51.9673367636559, 0.048246629306023664, 6.0]
498;[0.9999766274671844, 61.01770164985864];[51.60120224020952, 5.026837460633781, 8.0]
597;[0.9999588642510698, 77.523956881914];[50.5814159874198, 6.744819174084746, 200.0]
570;[1.0000003339789383, 35.70360916834115];[49.14983924901986, 14.523122902531394, 202.0]
558;[1.0000010661935066, 77.11546008829679];[50.52588860113344, 6.7057566668353115, 427.0]
434;[1.0000009116660216, 3.223479899624765];[42.28630540773885, 1.7981138381530695, 0.0]
529;[0.9999991236924092, 67.05464519915054];[52.01565935965215, 5.624979797926442, 5.0]
368;[0.9999533291509352, 48.641435570928856];[45.995361894416035, 8.817654949898111, 240.0]
591;[1.0000152048678927, 29.24792587482201];[43.08282686708413, 1.0782250504983915, 112.0]
623;[1.0000014032127789, 0.23825846725602193];[54.647517589813155, 9.549028907394604, 44.0]
521;[0.9998632321987825, 60.238484956541555];[51.34046520649524, -0.5488058642255421, 91.0]
641;[0.9888203006705679, 56.83358085246058];[53.16755678500818, 7.957474384393205, 5.0]
560;[0.9999989761946179, 23.199999887956224];[51.07763225970947, 8.953285742107592, 231.0]
565;[0.9999962189941188, 55.65809480722133];[45.77319604323415, -0.3449212845770855, 110.0]
584;[1.000001319253508, 8.53966713323942];[49.80988422735818, 7.17823079927194, 125.0]
624;[1.0000011041015817, 45.18449614368514];[50.99184921201955, 13.128996011984107, 34.0]
603;[1.0000495163875394, 28.498189419268698];[50.02158080152306, 9.007875853745755, 121.0]
658;[0.9999682249037358, 74.41580971853195];[53.452679409586565, -2.5258541548698665, 63.0]
618;[0.9999464755184163, 8.32956968203365];[51.329179255703146, 1.4379356481640024, 38.0]
599;[1.0000006802717227, 56.10952905937889];[52.96257275053913, 9.517344015472638, 23.0]
626;[0.999948146026065, 30.33122696484206];[50.583452797676905, 6.756642494837908, 67.0]
328;[0.9999869020729248, 61.553231706915604];[41.68378615883435, 12.200845905236346, 88.0]
604;[1.0000018126311618, 33.51945135851759];[54.27425809969815, 11.102706023752383, 39.0]
512;[1.0000006022594965, 4.0363340201748255];[52.03124653663533, 5.628446841957073, 4.0]
611;[0.9999489403005024, 24.62860350707715];[47.93163473173616, 11.35863728660766, 503.0]
574;[0.9999898910180656, 74.49915234370869];[48.26599163755854, 1.6951231457116165, 50.0]
522;[0.9999884902321582, 9.663021716383069];[52.41125892667532, 8.508708909384717, 10.0584]
619;[0.9999217246042866, 79.72696543309547];[43.48729250230061, 9.806018600565503, 50.0]
535;[0.9999993846402879, 14.597311324128558];[43.33713589467932, 4.646503183250893, 1036.0]
457;[0.9999870521255426, 10.926343074073243];[52.30311793645953, -3.643536289679939, 85.0]
594;[1.0000006603071507, -0.3573888714746278];[45.071156713418965, 8.22212447268501, 717.0]
627;[1.0000006855564152, 55.76777754339891];[46.843733824025264, 14.921332614380598, 930.0]
664;[1.0000004533034141, 78.86232381385261];[50.16685906536785, 6.058263627249582, 170.0]
659;[0.9999433140823298, 5.399890743091934];[50.84134653003882, 4.040184292717199, 8.0]
600;[0.9999234165331662, 82.76204914125339];[48.86795506858807, 2.6609184804868926, 95.0]
665;[1.0000021969576638, 22.796521457894983];[45.06603674859363, 8.225637270435218, 170.0]
634;[1.0000008784904413, 38.64111362941495];[50.576265253744445, 6.7481960526660885, 74.0]
461;[1.0520247790127781, 2.8559245661653585];[47.9149770136677, 12.082437020345758, 512.0]
645;[0.9999230844725757, 76.10277447038636];[49.831787565156, 7.174161522472703, 108.0]
646;[0.9999470991187713, 59.96862486351578];[37.477898742342845, -2.6373630269061277, 70.0]
620;[0.9999749062878537, 44.897662570247824];[45.7636003398715, 10.946781259000682, 1200.0]
595;[0.9999914411297693, 14.026270031989304];[52.30323719438697, -3.6434745030685978, 20.0]
625;[1.0000008015297481, -1.971907241801992];[51.55236204850439, 8.743028632374735, 72.0]
576;[0.9999993659289029, 10.016054110013622];[50.841064713735236, 4.039708165083195, 100.0]
690;[1.000001605842942, 44.920860428327344];[40.40255070635945, -4.067692768409522, 625.0]
542;[1.0000004629679224, 14.983243021800696];[52.410002450261196, 8.509989289020108, 10.0]
678;[1.0000000528289206, 32.15162771562923];[49.532597908975816, 8.893066142964777, 628.0]
527;[0.9999999832920387, 34.743151819194004];[49.51806862323222, 8.891178957276493, 163.0]
674;[0.9999701584190689, 63.66122011995657];[51.62141779580786, 5.037048625566831, 10.0]
675;[0.9958482273234391, 49.947093398218136];[52.44049638001571, 13.065148991126222, 52.0]
662;[0.9999625783944166, 14.093971324166262];[43.60388022413717, 1.305312901844385, 54.0]
705;[0.955500541163715, 22.25012810900673];[55.209231619107506, 11.662236993963099, 95.0]
682;[0.9999133391562658, 64.62563221404241];[43.734681084137904, 1.5961233846215281, 135.0]
586;[0.9999832070383826, 76.65988322881957];[47.665676619414384, 10.309106798221045, 469.0]
607;[1.000002012742442, 26.125524344971062];[48.3465250219035, 12.786785373276178, 544.0]
608;[0.9999791978861282, 54.642413135215584];[57.04597892351436, 9.463724622929188, 17.0]
614;[0.9999350934956364, 23.419080998864658];[49.092828387609416, 11.901994792548905, 341.0]
628;[1.0000010743128749, 26.8328279001867];[42.28485314055323, 1.7994334227332365, 120.0]
596;[0.9999996236539268, 17.7148022521996];[51.62415349964077, 5.032725468573479, 10.0]
683;[1.0000010786833948, 46.76807729143259];[52.997005103911796, -8.289313509832004, 5.0]
685;[0.9752116150879616, 12.394223950447131];[50.969901806023444, 19.31919190767111, 110.0]
701;[0.9999443005306882, 46.061264764196174];[47.66584895878682, 10.327453819381812, 560.0]
605;[0.9970770057032904, -2.760826930614373];[52.41019503408336, 8.509109665162244, 255.0]
657;[1.0031243013343016, 65.58823025340297];[52.284410823165395, -3.651464365919473, 45.8]
610;[0.9997489996537315, 29.334193553075746];[51.33793876122475, -0.5529717534003995, 10.0]
587;[0.9999976581877408, 10.371295875419905];[48.91425130057897, 2.422843982094128, 96.0]
702;[1.0496460187326673, 22.996350541584235];[49.95429413597957, 8.244419500436347, 92.0]
583;[0.9999611961382006, 67.29008935493205];[51.62844740550404, 5.040682228492324, 30.0]
667;[0.999999896484538, 41.54470670669253];[54.560622667529174, 9.581893587753596, 10.0]
635;[0.9999494694373874, 72.6408441589329];[48.74357566977675, 17.91403991998422, 417.0]
642;[0.9999996777473499, 31.10621320698948];[46.27115925155323, 6.632503324606021, 530.0]
669;[1.000017187746935, 4.570221715733318];[45.19019648270235, 4.304954453456835, 385.0]
679;[0.9999987402847522, 11.957385127946136];[46.27787227679791, 6.637089012944135, 470.0]
681;[0.9999611223341613, 12.806554262962901];[51.52273273016833, 13.566499451369149, 52.0]
694;[1.000001357627591, 63.1395880030066];[50.72630479780718, 11.648722676604933, 118.0]
704;[0.9998605752618109, 55.85304877791336];[51.9840322449918, 3.277355292270402, 6.0]
711;[1.0000011077407462, -1.2735622670545612];[48.52969362624152, 7.111225104873056, 31.2]
712;[1.0003000654224345, -0.0031740442721155033];[44.2066040039063, 17.334790910993302, 110.0]
671;[1.0003935669114241, -1.4580974755811835];[49.77338323347244, 13.286178670509747, 352.0]
640;[0.9999999265723767, 3.8751713831832615];[45.99060109356518, 8.81943461733155, 295.0]
706;[1.0000006816155875, 52.26962451662012];[46.26808370715293, 6.636035807648204, 605.0]
673;[1.000000776222418, 59.4660408765253];[54.70221379645836, 9.616659900158858, 10.0]
709;[0.9999346453273472, 53.22757738771702];[52.15526397796554, 3.8068621353723713, 29.0]
687;[1.0000000488591343, 58.98298679195295];[51.304642776214244, 7.202229945361433, 65.0]
644;[0.9999875761576149, 64.23919182770196];[52.80795878635535, 1.5749956621221541, 30.572]
696;[0.9999993397931104, 1.6945656503676902];[49.097720362002654, 11.89823625309404, 364.0]
698;[1.0000003175723449, 39.65582245974026];[54.53218292499149, -3.1557071544365907, 67.0]
616;[0.9999997843274583, 33.238222128686225];[51.99696369863914, -7.646323285349997, 67.0]
700;[0.9997834122700775, 44.55216680475342];[50.4887735361441, 0.43590468733565885, 164.0]
688;[1.0000004252397399, 11.037781293673952];[41.31939797668837, 1.604507184765902, 188.0]
695;[1.0000327636499942, -0.785701762934788];[53.08102326597501, 0.49888834289664047, 15.0]
689;[0.9998585879849891, 54.23170790409536];[52.01929054746684, -2.711301534707922, 25.0]
677;[0.9999726719077623, 17.019179998075625];[52.38015378026943, -0.658656314960022, 127.5]
185;[1, 0.0857568797409381]
222;[1, 0.9632301031657348]
259;[1, 0.9619619557760449]
205;[1, 0.962613514896202]
